2272.650391	531.351990
2271.572266	505.828552
2270.496094	515.015808
2269.417969	552.033264
2268.339844	542.656311
2267.261719	431.263458
2266.183594	493.776031
2265.103516	512.228088
2264.025391	479.691620
2262.947266	512.041016
2261.867188	528.163025
2260.787109	504.905731
2259.708984	504.813507
2258.628906	511.666992
2257.548828	520.832764
2256.468750	534.623962
2255.388672	553.037964
2254.306641	539.055664
2253.226563	504.260345
2252.146484	536.545959
2251.064453	494.826935
2249.982422	543.285400
2248.902344	515.448914
2247.820313	556.952820
2246.738281	503.707520
2245.656250	508.235718
2244.572266	519.691467
2243.490234	544.998962
2242.408203	477.941315
2241.324219	526.331787
2240.242188	528.543579
2239.158203	588.445251
2238.074219	489.127716
2236.990234	514.412842
2235.906250	530.463257
2234.822266	532.672119
2233.738281	525.658081
2232.654297	516.341492
2231.568359	520.856323
2230.484375	488.501434
2229.398438	493.019684
2228.314453	520.570313
2227.228516	508.960083
2226.142578	561.825867
2225.056641	499.565125
2223.970703	531.697754
2222.884766	499.382172
2221.796875	517.697754
2220.710938	476.194672
2219.623047	517.508057
2218.537109	547.308289
2217.449219	521.916870
2216.361328	537.912659
2215.273438	590.676147
2214.185547	579.078247
2213.097656	510.046875
2212.009766	553.598083
2210.921875	528.233276
2209.832031	521.247681
2208.744141	528.039612
2207.654297	539.419800
2206.564453	534.730957
2205.474609	564.462219
2204.386719	495.534485
2203.294922	451.862915
2202.205078	497.646057
2201.115234	550.291016
2200.025391	543.312683
2198.933594	524.876709
2197.843750	494.989410
2196.751953	515.519348
2195.660156	467.318481
2194.568359	508.459167
2193.476563	492.336304
2192.384766	478.508850
2191.292969	521.913879
2190.201172	494.353973
2189.109375	510.281006
2188.015625	510.187347
2186.921875	468.920227
2185.830078	489.417084
2184.736328	521.339294
2183.642578	445.800446
2182.548828	512.004944
2181.455078	500.484314
2180.361328	466.118958
2179.267578	529.998718
2178.171875	525.333252
2177.078125	497.833130
2175.982422	461.210175
2174.886719	513.629822
2173.791016	499.841187
2172.697266	463.237976
2171.601563	497.376007
2170.503906	463.067780
2169.408203	467.544067
2168.312500	510.783539
2167.214844	462.812531
2166.119141	494.639709
2165.021484	508.222931
2163.923828	467.114563
2162.828125	476.141449
2161.730469	473.776154
2160.632813	530.622803
2159.533203	482.709686
2158.435547	491.726990
2157.337891	500.740936
2156.238281	473.340729
2155.140625	457.326874
2154.041016	477.716309
2152.941406	493.549408
2151.841797	513.924622
2150.742188	484.273499
2149.642578	463.725922
2148.542969	529.550293
2147.443359	538.542175
2146.341797	495.276764
2145.242188	492.914124
2144.140625	515.534180
2143.041016	495.003387
2141.939453	458.588440
2140.837891	442.615295
2139.736328	490.191284
2138.634766	499.177002
2137.531250	499.085114
2136.429688	494.456940
2135.328125	494.365906
2134.224609	512.413391
2133.123047	480.582458
2132.019531	453.296204
2130.916016	455.478790
2129.812500	489.379578
2128.708984	507.411285
2127.605469	505.053009
2126.500000	452.878906
2125.396484	509.394928
2124.292969	511.564636
2123.187500	472.996948
2122.082031	484.223450
2120.978516	520.331177
2119.873047	474.997437
2118.767578	477.171387
2117.662109	495.171906
2116.554688	519.947754
2115.449219	499.509857
2114.343750	494.898163
2113.236328	460.916077
2112.128906	447.277252
2111.023438	485.590302
2109.916016	483.242645
2108.808594	521.534912
2107.701172	516.924133
2106.593750	523.599487
2105.484375	512.220520
2104.376953	507.613953
2103.269531	473.685638
2102.160156	471.343048
2101.050781	493.804260
2099.943359	504.985138
2098.833984	493.622101
2097.724609	455.220398
2096.615234	506.958893
2095.503906	520.381775
2094.394531	515.781128
2093.285156	468.395966
2092.173828	484.069946
2091.064453	542.508484
2089.953125	513.149841
2088.841797	465.800049
2087.730469	488.212341
2086.619141	474.625763
2085.507813	515.020081
2084.396484	548.653687
2083.283203	501.340942
2082.171875	503.496155
2081.058594	483.177155
2079.947266	489.828705
2078.833984	503.217285
2077.720703	512.108704
2076.607422	498.540100
2075.494141	520.900635
2074.380859	527.539001
2073.265625	478.064026
2072.152344	500.415894
2071.039063	545.195496
2069.923828	524.906128
2068.808594	511.352509
2067.693359	506.773315
2066.578125	461.840759
2065.462891	540.208984
2064.347656	546.832520
2063.232422	508.639557
2062.117188	519.747009
2061.000000	528.610413
2059.884766	503.878662
2058.767578	568.717896
2057.650391	521.601440
2056.533203	519.266846
2055.416016	557.213501
2054.298828	523.549622
2053.181641	536.874695
2052.064453	559.141113
2050.945313	527.731567
2049.828125	565.641541
2048.708984	525.301086
2047.589844	509.559601
2046.472656	556.389771
2045.353516	531.711975
2044.234375	558.417664
2043.113281	594.046509
2041.994141	569.375305
2040.875000	602.756470
2039.753906	571.396667
2038.634766	595.838623
2037.513672	629.196228
2036.392578	591.156555
2035.271484	611.120483
2034.150391	606.547485
2033.029297	590.828430
2031.908203	619.697754
2030.787109	568.322632
2029.664063	565.989136
2028.542969	574.795898
2027.419922	603.646729
2026.296875	574.583130
2025.175781	587.836670
2024.052734	581.049133
2022.927734	614.328979
2021.804688	563.030640
2020.681641	576.276367
2019.558594	578.394287
2018.433594	600.528931
2017.310547	584.851318
2016.185547	584.743042
2015.060547	564.628235
2013.935547	564.523621
2012.810547	586.640259
2011.685547	546.540771
2010.560547	584.201599
2009.433594	570.768066
2008.308594	568.441833
2007.181641	548.355896
2006.056641	541.595337
2004.929688	532.618042
2003.802734	543.613464
2002.675781	561.260071
2001.548828	532.321960
2000.421875	514.482483
1999.292969	507.735565
1998.166016	494.340790
1997.039063	565.172791
1995.910156	547.340393
1994.781250	573.825439
1993.652344	516.125610
1992.523438	558.109619
1991.394531	520.362854
1990.265625	575.613831
1989.136719	544.518188
1988.005859	500.155670
1986.876953	493.424896
1985.746094	511.031433
1984.617188	504.301086
1983.486328	583.819275
1982.355469	554.967590
1981.224609	532.758484
1980.093750	537.080078
1978.962891	514.882446
1977.830078	512.577515
1976.699219	556.661926
1975.566406	538.890076
1974.435547	540.998230
1973.302734	529.859070
1972.169922	536.382751
1971.037109	545.110901
1969.904297	538.390137
1968.771484	498.580261
1967.636719	511.721893
1966.503906	535.885071
1965.369141	482.868469
1964.236328	487.187744
1963.101563	506.933807
1961.966797	531.079834
1960.832031	500.135834
1959.697266	508.854279
1958.562500	484.533112
1957.427734	504.261230
1956.291016	468.941895
1955.156250	486.464325
1954.019531	530.389709
1952.882813	514.888550
1951.748047	523.592712
1950.611328	497.100708
1949.474609	569.580383
1948.335938	505.710968
1947.199219	510.013641
1946.062500	483.543762
1944.923828	430.713470
1943.787109	507.532227
1942.648438	514.028015
1941.509766	518.325012
1940.371094	498.465698
1939.232422	502.763977
1938.093750	465.354370
1936.955078	517.939636
1935.816406	484.929565
1934.675781	508.971680
1933.537109	517.650757
1932.396484	521.940552
1931.255859	572.273743
1930.115234	469.133331
1928.974609	539.183777
1927.833984	517.169556
1926.693359	484.208496
1925.552734	519.167725
1924.410156	525.641663
1923.269531	518.974548
1922.126953	534.203491
1920.984375	534.104065
1919.841797	534.004639
1918.699219	551.410400
1917.556641	500.989990
1916.414063	518.395325
1915.271484	542.354858
1914.126953	507.269775
1912.984375	478.756042
1911.839844	472.109833
1910.697266	526.654114
1909.552734	533.110657
1908.408203	506.797729
1907.263672	476.126434
1906.119141	508.792633
1904.972656	510.881134
1903.828125	534.797302
1902.681641	541.244995
1901.537109	534.598083
1900.390625	501.774078
1899.244141	492.955719
1898.097656	523.395264
1896.951172	534.199768
1895.804688	488.320221
1894.658203	536.180298
1893.509766	531.721985
1892.363281	518.550232
1891.214844	531.523804
1890.068359	566.272278
1888.919922	513.905151
1887.771484	535.580933
1886.623047	544.188110
1885.474609	496.207031
1884.324219	509.170166
1883.175781	567.814697
1882.027344	535.081848
1880.876953	524.108459
1879.726563	528.359314
1878.578125	502.173828
1877.427734	512.947693
1876.277344	554.140930
1875.126953	551.864868
1873.974609	562.623352
1872.824219	506.049377
1871.671875	542.870117
1870.521484	542.768799
1869.369141	490.571442
1868.216797	531.714966
1867.066406	522.936279
1865.914063	555.380493
1864.759766	514.064880
1863.607422	526.980774
1862.455078	507.368225
1861.300781	548.462402
1860.148438	498.509064
1858.994141	541.756531
1857.839844	513.489258
1856.685547	515.559570
1855.531250	513.297485
1854.376953	493.712952
1853.222656	489.290741
1852.068359	530.326721
1850.912109	521.570862
1849.757813	486.852783
1848.601563	488.925201
1847.445313	471.529999
1846.289063	514.693420
1845.132813	525.408142
1843.976563	466.942139
1842.820313	486.307159
1841.664063	503.503967
1840.505859	496.928162
1839.349609	470.913422
1838.191406	479.464386
1837.033203	475.056061
1835.876953	468.490387
1834.718750	461.927185
1833.558594	511.477905
1832.400391	502.751312
1831.242188	487.556000
1830.082031	478.837097
1828.923828	502.469238
1827.763672	487.282440
1826.603516	469.945557
1825.445313	504.342590
1824.285156	478.389343
1823.123047	454.600281
1821.962891	478.210297
1820.802734	499.657776
1819.640625	510.330719
1818.480469	452.107147
1817.318359	492.919769
1816.158203	479.914978
1814.996094	492.735229
1813.833984	425.953308
1812.671875	449.533203
1811.507813	468.803284
1810.345703	507.416748
1809.183594	475.076691
1808.019531	462.092102
1806.855469	528.620300
1805.693359	513.482056
1804.529297	496.201385
1803.365234	489.665436
1802.201172	480.984680
1801.035156	476.600830
1799.871094	489.390198
1798.707031	474.276154
1797.541016	487.061127
1796.375000	463.372162
1795.210938	480.444000
1794.044922	518.953796
1792.878906	484.551941
1791.712891	490.891968
1790.544922	490.799896
1789.378906	503.564819
1788.212891	546.318909
1787.044922	526.938232
1785.876953	449.740936
1784.708984	498.904663
1783.542969	492.388580
1782.375000	515.840820
1781.205078	487.923767
1780.037109	511.367981
1778.869141	513.411194
1777.699219	538.980591
1776.531250	470.450287
1775.361328	519.536194
1774.191406	504.475372
1773.021484	495.831818
1771.851563	502.149139
1770.681641	504.191223
1769.511719	476.328522
1768.341797	512.544250
1767.169922	520.988770
1766.000000	499.542938
1764.828125	544.271423
1763.656250	492.953247
1762.484375	477.925446
1761.312500	511.966736
1760.140625	526.800110
1758.968750	522.436279
1757.794922	479.698242
1756.623047	515.845093
1755.449219	547.716003
1754.275391	468.773773
1753.103516	496.380676
1751.929688	530.367188
1750.755859	485.546051
1749.580078	464.162872
1748.406250	521.552795
1747.232422	525.711426
1746.056641	546.892395
1744.882813	508.492950
1743.707031	548.813782
1742.531250	559.344421
1741.355469	559.239136
1740.179688	561.259888
1739.003906	552.651917
1737.828125	561.048584
1736.650391	575.816467
1735.474609	575.708008
1734.296875	571.351624
1733.119141	562.749695
1731.941406	560.520508
1730.763672	579.519958
1729.585938	592.145142
1728.408203	551.715881
1727.230469	572.827759
1726.050781	549.386780
1724.873047	555.645569
1723.693359	553.420471
1722.513672	544.836243
1721.333984	563.809814
1720.154297	555.226746
1718.974609	504.271179
1717.794922	493.584167
1716.615234	529.496887
1715.433594	508.221130
1714.253906	506.008057
1713.072266	459.343262
1711.890625	478.304108
1710.708984	526.881653
1709.527344	495.048340
1708.345703	520.337219
1707.164063	539.272156
1705.980469	513.797668
1704.798828	530.612610
1703.615234	507.262878
1702.433594	528.299072
1701.250000	496.507355
1700.066406	509.087952
1698.882813	532.223816
1697.699219	525.788452
1696.513672	506.688324
1695.330078	485.484589
1694.144531	533.932129
1692.960938	519.061218
1691.775391	535.839966
1690.589844	520.974243
1689.404297	516.658142
1688.218750	514.452026
1687.033203	573.379089
1685.847656	545.871704
1684.660156	482.552032
1683.474609	543.558411
1682.287109	522.391418
1681.099609	526.504639
1679.912109	539.038757
1678.724609	557.883789
1677.537109	498.843140
1676.349609	530.315125
1675.162109	557.567078
1673.972656	517.492615
1672.783203	561.562439
1671.595703	548.839111
1670.406250	527.710876
1669.216797	559.141479
1668.027344	554.832275
1666.837891	523.208618
1665.648438	573.529663
1664.457031	562.918762
1663.267578	535.511536
1662.076172	587.901245
1660.884766	575.194336
1659.693359	598.172668
1658.501953	564.484009
1657.310547	587.455566
1656.119141	578.953552
1654.927734	620.788940
1653.734375	566.152771
1652.542969	601.685303
1651.349609	551.265564
1650.156250	618.222351
1648.962891	601.342896
1647.769531	603.323608
1646.576172	626.248352
1645.382813	649.164368
1644.189453	644.853760
1642.994141	594.492493
1641.800781	646.701782
1640.605469	596.359192
1639.410156	671.561218
1638.214844	646.333313
1637.019531	667.123474
1635.824219	681.633057
1634.628906	698.227478
1633.431641	685.554199
1632.236328	727.218018
1631.039063	747.972839
1629.841797	764.541931
1628.644531	856.291260
1627.447266	847.775940
1626.250000	914.421753
1625.052734	905.898499
1623.855469	930.769287
1622.656250	1003.620728
1621.458984	976.309998
1620.259766	1005.324463
1619.060547	1015.559814
1617.861328	1011.196594
1616.662109	1094.385864
1615.462891	1117.103027
1614.263672	1175.235352
1613.062500	1210.428467
1611.863281	1222.695679
1610.662109	1289.104614
1609.462891	1445.021240
1608.261719	1507.198853
1607.060547	1573.515503
1605.859375	1641.887573
1604.656250	1793.456665
1603.455078	1949.128174
1602.253906	2187.931396
1601.050781	2324.753662
1599.847656	2594.578857
1598.646484	2880.929688
1597.443359	3275.237305
1596.240234	3517.714844
1595.035156	4048.858643
1593.832031	4822.809082
1592.628906	5567.391602
1591.423828	6442.490723
1590.220703	7418.970215
1589.015625	8735.445313
1587.810547	9528.510742
1586.605469	11115.855469
1585.400391	13048.989258
1584.195313	15665.749023
1582.988281	17468.720703
1581.783203	17996.080078
1580.576172	17515.931641
1579.371094	15589.534180
1578.164063	13301.298828
1576.957031	11003.580078
1575.750000	9263.855469
1574.542969	7615.904785
1573.333984	6291.545898
1572.126953	5338.200684
1570.919922	4356.247070
1569.710938	3922.975586
1568.501953	3320.237549
1567.292969	2903.875977
1566.083984	2766.838867
1564.875000	2359.012451
1563.666016	2044.361328
1562.457031	1981.968506
1561.246094	1797.687378
1560.037109	1660.992676
1558.826172	1580.119141
1557.615234	1449.713745
1556.404297	1439.112183
1555.193359	1314.976563
1553.982422	1221.847412
1552.771484	1211.295288
1551.558594	1151.231934
1550.347656	1101.505127
1549.134766	1074.483154
1547.921875	1006.232544
1546.708984	1057.578247
1545.496094	960.500671
1544.283203	927.343994
1543.070313	908.622559
1541.857422	896.088135
1540.642578	902.094727
1539.429688	831.909241
1538.214844	815.279053
1537.000000	827.472656
1535.785156	775.863708
1534.570313	783.944946
1533.355469	802.308960
1532.138672	750.734497
1530.923828	738.251587
1529.707031	738.109558
1528.492188	748.245605
1527.275391	725.494141
1526.058594	723.299622
1524.841797	725.214783
1523.625000	692.210571
1522.406250	657.165344
1521.189453	667.304932
1519.972656	741.078979
1518.753906	712.201843
1517.535156	695.648071
1516.316406	722.185608
1515.097656	707.687500
1513.878906	678.838806
1512.660156	688.960327
1511.441406	647.825745
1510.220703	657.949219
1509.000000	637.329346
1507.781250	635.157471
1506.560547	577.676880
1505.339844	626.719849
1504.119141	550.833618
1502.898438	632.619751
1501.675781	612.028381
1500.455078	624.189270
1499.232422	562.684875
1498.011719	556.438904
1496.789063	629.963440
1495.566406	593.032715
1494.343750	597.007141
1493.121094	615.289001
1491.896484	584.513672
1490.673828	578.270508
1489.449219	569.986755
1488.226563	590.302124
1487.001953	582.019165
1485.777344	612.533142
1484.552734	573.628296
1483.328125	575.558167
1482.103516	573.406067
1480.876953	573.294983
1479.652344	562.984863
1478.425781	562.875732
1477.199219	593.351807
1475.972656	595.275330
1474.746094	552.357300
1473.519531	621.536133
1472.292969	592.891602
1471.066406	572.406189
1469.837891	549.892090
1468.611328	645.488770
1467.382813	578.180481
1466.154297	588.245483
1464.925781	579.990967
1463.697266	551.393066
1462.468750	624.519470
1461.238281	650.838440
1460.009766	595.808105
1458.779297	597.725342
1457.550781	615.903259
1456.320313	640.170959
1455.089844	627.855042
1453.859375	658.205383
1452.626953	617.455200
1451.396484	621.396423
1450.166016	617.214844
1448.933594	617.094666
1447.701172	629.151611
1446.470703	647.291199
1445.238281	596.446777
1444.005859	624.727295
1442.771484	657.052551
1441.539063	616.373535
1440.306641	614.226196
1439.072266	612.079651
1437.837891	579.538513
1436.605469	626.022583
1435.371094	609.695923
1434.136719	615.652405
1432.902344	583.135803
1431.666016	599.216980
1430.431641	593.027954
1429.195313	621.242371
1427.960938	540.193176
1426.724609	534.019226
1425.488281	574.362915
1424.251953	588.404663
1423.015625	549.878967
1421.777344	600.301880
1420.541016	569.872070
1419.304688	571.781006
1418.066406	601.969543
1416.828125	591.753540
1415.589844	559.329773
1414.351563	573.352173
1413.113281	605.535034
1411.875000	559.001160
1410.634766	556.873962
1409.396484	552.730286
1408.156250	570.773682
1406.916016	548.480591
1405.677734	518.131836
1404.437500	566.406555
1403.195313	560.249512
1401.955078	596.407593
1400.714844	582.189026
1399.472656	588.117004
1398.232422	596.056335
1396.990234	603.992493
1395.748047	573.680115
1394.505859	575.579895
1393.263672	635.830383
1392.019531	567.306641
1390.777344	553.115784
1389.535156	593.225647
1388.291016	544.856018
1387.046875	595.002380
1385.802734	596.894958
1384.558594	602.805481
1383.314453	606.704712
1382.070313	546.328369
1380.824219	584.375854
1379.580078	594.299561
1378.333984	596.189758
1377.087891	590.051270
1375.843750	616.020508
1374.595703	591.824768
1373.349609	615.777466
1372.103516	611.645142
1370.857422	607.514404
1369.609375	657.509521
1368.361328	603.266052
1367.115234	627.192627
1365.867188	615.048218
1364.619141	618.932739
1363.371094	638.836609
1362.121094	652.725830
1360.873047	644.589417
1359.623047	688.493469
1358.375000	672.348938
1357.125000	678.217773
1355.875000	682.084045
1354.625000	697.947754
1353.375000	693.810608
1352.123047	649.693909
1350.873047	695.534363
1349.621094	683.406921
1348.371094	679.275696
1347.119141	675.146057
1345.867188	645.055969
1344.615234	660.901428
1343.363281	644.799988
1342.109375	650.659668
1340.857422	652.525940
1339.603516	660.376770
1338.351563	638.303894
1337.097656	626.211243
1335.843750	612.129395
1334.589844	615.994751
1333.335938	593.947998
1332.080078	615.749756
1330.826172	593.711731
1329.570313	607.537048
1328.316406	595.466919
1327.060547	629.197571
1325.804688	585.276123
1324.548828	615.014587
1323.291016	567.133423
1322.035156	582.936768
1320.777344	550.994141
1319.521484	552.873047
1318.263672	552.762756
1317.005859	562.592285
1315.748047	554.529724
1314.490234	530.573059
1313.232422	562.255432
1311.972656	546.252136
1310.714844	562.030762
1309.455078	548.019409
1308.197266	575.702393
1306.937500	516.043762
1305.677734	575.472168
1304.416016	531.709290
1303.156250	555.406006
1301.896484	559.261230
1300.634766	501.648071
1299.373047	555.072449
1298.113281	537.123230
1296.851563	535.033997
1295.589844	560.682495
1294.326172	560.570068
1293.064453	538.673096
1291.802734	556.385193
1290.539063	556.273560
1289.275391	585.850220
1288.011719	575.838501
1286.750000	563.852295
1285.484375	547.914734
1284.220703	541.871765
1282.957031	533.853882
1281.691406	521.885559
1280.427734	555.380066
1279.162109	547.364197
1277.896484	537.375854
1276.630859	525.416199
1275.365234	539.134338
1274.099609	552.846924
1272.832031	538.917175
1271.566406	552.624207
1270.298828	566.325623
1269.031250	554.374268
1267.763672	530.592896
1266.496094	556.122742
1265.228516	575.727173
1263.960938	540.128113
1262.691406	549.873413
1261.423828	563.555664
1260.154297	551.621338
1258.884766	569.237000
1257.615234	512.012817
1256.345703	553.255798
1255.076172	580.702637
1253.804688	547.127686
1252.535156	564.726135
1251.263672	594.121155
1249.992188	529.093445
1248.720703	550.617676
1247.449219	536.743469
1246.177734	536.634644
1244.906250	550.282959
1243.634766	563.925598
1242.361328	552.024231
1241.087891	577.445496
1239.814453	538.054260
1238.541016	494.752350
1237.267578	533.909912
1235.994141	514.176392
1234.720703	529.768738
1233.445313	492.388580
1232.171875	502.095001
1230.896484	480.422852
1229.621094	494.048676
1228.345703	513.549194
1227.070313	535.001465
1225.794922	493.746948
1224.517578	523.030029
1223.242188	519.006409
1221.964844	475.822083
1220.687500	479.640472
1219.410156	479.542633
1218.132813	491.186279
1216.855469	471.520813
1215.576172	485.117371
1214.298828	506.531189
1213.019531	434.080872
1211.742188	488.729919
1210.462891	472.993835
1209.183594	515.887756
1207.902344	507.967316
1206.623047	459.030334
1205.343750	492.136017
1204.062500	495.940308
1202.781250	482.173859
1201.501953	478.171600
1200.220703	509.294739
1198.939453	505.288452
1197.656250	520.789001
1196.375000	524.582397
1195.091797	526.424438
1193.810547	551.657471
1192.527344	502.821228
1191.244141	508.563477
1189.960938	531.836365
1188.677734	568.733704
1187.394531	580.300598
1186.109375	589.915833
1184.826172	550.864136
1183.541016	560.481262
1182.255859	579.822998
1180.970703	583.594177
1179.685547	610.702759
1178.400391	610.576843
1177.113281	589.065735
1175.828125	563.675964
1174.541016	542.183289
1173.253906	530.413879
1171.966797	528.361877
1170.679688	508.831696
1169.392578	510.668274
1168.105469	529.975769
1166.816406	549.275208
1165.529297	492.887054
1164.240234	508.305878
1162.951172	531.477051
1161.662109	523.609802
1160.373047	511.868011
1159.082031	562.162720
1157.792969	542.665344
1156.501953	486.359833
1155.212891	530.816528
1153.921875	553.949036
1152.630859	540.278687
1151.339844	557.591248
1150.046875	516.826172
1148.755859	541.877380
1147.462891	563.048401
1146.171875	564.865784
1144.878906	551.209839
1143.585938	545.294128
1142.292969	543.247375
1141.000000	564.395752
1139.705078	593.265076
1138.412109	581.549133
1137.117188	567.906311
1135.822266	565.856628
1134.527344	540.637573
1133.232422	598.438171
1131.937500	550.062195
1130.642578	575.032654
1129.345703	578.770996
1128.050781	559.361694
1126.753906	568.886902
1125.457031	603.472473
1124.160156	584.069946
1122.863281	580.093323
1121.566406	597.313232
1120.267578	610.673035
1118.970703	602.841064
1117.671875	596.937866
1116.373047	562.159119
1115.074219	575.514771
1113.775391	596.562378
1112.476563	617.601074
1111.175781	632.860107
1109.876953	603.879395
1108.576172	647.976440
1107.275391	605.547974
1105.974609	574.669128
1104.673828	637.959900
1103.373047	591.717773
1102.070313	568.544128
1100.769531	568.424377
1099.466797	574.064514
1098.164063	648.805725
1096.861328	621.800964
1095.558594	604.401184
1094.255859	596.600342
1092.951172	613.735779
1091.648438	579.090820
1090.343750	588.554077
1089.039063	582.679565
1087.734375	630.463989
1086.429688	616.919312
1085.125000	607.211365
1083.820313	601.337585
1082.513672	608.868958
1081.208984	564.711670
1079.902344	627.749756
1078.595703	612.308960
1077.289063	585.396240
1075.982422	615.874512
1074.673828	615.743835
